215 11.3
214 11.2
214 11.2
214 11.2
214 11.2
214 11.2
214 11.2
214 11.2
215 11.3
215 11.3
214 11.2
214 11.2
214 11.2
215 11.3
214 11.2
215 11.3
215 11.3
214 11.2
214 11.2
214 11.2
214 11.2
214 11.2
214 11.2
214 11.2
214 11.2
214 11.2
215 11.3
214 11.2
214 11.2
214 11.2
214 11.2
214 11.2
214 11.2
214 11.2
214 11.2
214 11.2
214 11.2
214 11.2
213 11.2
214 11.2
214 11.2
214 11.2
213 11.2
213 11.2
214 11.2
213 11.2
214 11.2
213 11.2
214 11.2
213 11.2
213 11.2
214 11.2
214 11.2
214 11.2
214 11.2
214 11.2
215 11.3
214 11.2
214 11.2
214 11.2
214 11.2
214 11.2
214 11.2
213 11.2
214 11.2
214 11.2
214 11.2
214 11.2
214 11.2
214 11.2
214 11.2
214 11.2
214 11.2
214 11.2
214 11.2
215 11.3
214 11.2
214 11.2
214 11.2
214 11.2
214 11.2
213 11.2
215 11.3
214 11.2
215 11.3
214 11.2
214 11.2
214 11.2
214 11.2
214 11.2
214 11.2
214 11.2
214 11.2
214 11.2
214 11.2
214 11.2
214 11.2
214 11.2
214 11.2
214 11.2
214 11.2
214 11.2
215 11.3
