170 64.0
166 61.9
166 61.9
168 62.9
168 62.9
169 63.5
171 64.5
172 65.1
157 57.1
172 65.1
171 64.5
171 64.5
156 56.6
171 64.5
172 65.1
171 64.5
172 65.1
171 64.5
170 64.0
177 67.7
172 65.1
171 64.5
171 64.5
171 64.5
172 65.1
170 64.0
171 64.5
171 64.5
171 64.5
171 64.5
175 66.6
171 64.5
172 65.1
172 65.1
171 64.5
171 64.5
171 64.5
173 65.6
171 64.5
170 64.0
171 64.5
171 64.5
170 64.0
171 64.5
171 64.5
170 64.0
171 64.5
171 64.5
171 64.5
171 64.5
170 64.0
170 64.0
171 64.5
171 64.5
171 64.5
172 65.1
172 65.1
171 64.5
171 64.5
170 64.0
171 64.5
179 68.8
172 65.1
171 64.5
171 64.5
170 64.0
171 64.5
171 64.5
171 64.5
172 65.1
170 64.0
171 64.5
171 64.5
171 64.5
172 65.1
171 64.5
171 64.5
171 64.5
171 64.5
171 64.5
170 64.0
171 64.5
170 64.0
171 64.5
175 66.6
171 64.5
170 64.0
171 64.5
181 69.8
154 55.5
171 64.5
170 64.0
172 65.1
172 65.1
171 64.5
171 64.5
171 64.5
170 64.0
171 64.5
172 65.1
170 64.0
170 64.0
171 64.5
172 65.1
172 65.1
172 65.1
172 65.1
171 64.5
172 65.1
171 64.5
170 64.0
172 65.1
171 64.5
171 64.5
171 64.5
170 64.0
171 64.5
172 65.1
173 65.6
171 64.5
171 64.5
171 64.5
170 64.0
171 64.5
171 64.5
170 64.0
171 64.5
171 64.5
171 64.5
171 64.5
171 64.5
171 64.5
171 64.5
172 65.1
171 64.5
171 64.5
170 64.0
170 64.0
171 64.5
170 64.0
170 64.0
170 64.0
171 64.5
170 64.0
170 64.0
171 64.5
170 64.0
171 64.5
172 65.1
171 64.5
170 64.0
170 64.0
171 64.5
170 64.0
169 63.5
171 64.5
171 64.5
171 64.5
154 55.5
173 65.6
171 64.5
170 64.0
170 64.0
171 64.5
171 64.5
171 64.5
170 64.0
172 65.1
167 62.4
171 64.5
171 64.5
172 65.1
171 64.5
172 65.1
170 64.0
171 64.5
170 64.0
170 64.0
171 64.5
172 65.1
170 64.0
170 64.0
170 64.0
171 64.5
171 64.5
170 64.0
171 64.5
171 64.5
172 65.1
171 64.5
171 64.5
171 64.5
170 64.0
170 64.0
172 65.1
172 65.1
171 64.5
171 64.5
170 64.0
170 64.0
171 64.5
171 64.5
181 69.8
170 64.0
171 64.5
171 64.5
170 64.0
170 64.0
170 64.0
171 64.5
171 64.5
171 64.5
171 64.5
171 64.5
171 64.5
171 64.5
170 64.0
170 64.0
171 64.5
170 64.0
171 64.5
171 64.5
171 64.5
171 64.5
171 64.5
171 64.5
170 64.0
171 64.5
170 64.0
171 64.5
171 64.5
171 64.5
170 64.0
166 61.9
171 64.5
171 64.5
170 64.0
171 64.5
171 64.5
170 64.0
171 64.5
171 64.5
171 64.5
170 64.0
171 64.5
171 64.5
170 64.0
172 65.1
170 64.0
171 64.5
171 64.5
171 64.5
170 64.0
171 64.5
171 64.5
171 64.5
171 64.5
171 64.5
171 64.5
171 64.5
171 64.5
170 64.0
170 64.0
171 64.5
172 65.1
171 64.5
171 64.5
171 64.5
171 64.5
170 64.0
170 64.0
171 64.5
172 65.1
170 64.0
171 64.5
170 64.0
172 65.1
170 64.0
171 64.5
171 64.5
170 64.0
171 64.5
170 64.0
171 64.5
170 64.0
170 64.0
171 64.5
170 64.0
170 64.0
167 62.4
170 64.0
171 64.5
181 69.8
170 64.0
170 64.0
170 64.0
170 64.0
171 64.5
170 64.0
172 65.1
172 65.1
170 64.0
170 64.0
177 67.7
171 64.5
170 64.0
171 64.5
170 64.0
170 64.0
170 64.0
170 64.0
161 59.2
171 64.5
170 64.0
171 64.5
170 64.0
170 64.0
169 63.5
171 64.5
170 64.0
170 64.0
170 64.0
171 64.5
171 64.5
171 64.5
170 64.0
171 64.5
170 64.0
172 65.1
172 65.1
173 65.6
172 65.1
173 65.6
172 65.1
172 65.1
172 65.1
172 65.1
172 65.1
173 65.6
172 65.1
171 64.5
172 65.1
172 65.1
172 65.1
172 65.1
172 65.1
171 64.5
171 64.5
172 65.1
171 64.5
172 65.1
172 65.1
171 64.5
172 65.1
172 65.1
171 64.5
171 64.5
171 64.5
171 64.5
171 64.5
172 65.1
171 64.5
171 64.5
171 64.5
172 65.1
171 64.5
170 64.0
171 64.5
171 64.5
172 65.1
171 64.5
171 64.5
171 64.5
171 64.5
179 68.8
171 64.5
172 65.1
172 65.1
172 65.1
170 64.0
171 64.5
171 64.5
172 65.1
170 64.0
171 64.5
171 64.5
171 64.5
172 65.1
170 64.0
171 64.5
171 64.5
172 65.1
171 64.5
171 64.5
171 64.5
171 64.5
171 64.5
172 65.1
171 64.5
171 64.5
170 64.0
171 64.5
171 64.5
171 64.5
171 64.5
171 64.5
171 64.5
170 64.0
172 65.1
171 64.5
181 69.8
171 64.5
170 64.0
170 64.0
172 65.1
171 64.5
170 64.0
171 64.5
170 64.0
171 64.5
171 64.5
171 64.5
171 64.5
171 64.5
172 65.1
171 64.5
171 64.5
171 64.5
171 64.5
173 65.6
172 65.1
171 64.5
172 65.1
172 65.1
171 64.5
171 64.5
172 65.1
171 64.5
171 64.5
171 64.5
169 63.5
172 65.1
171 64.5
170 64.0
181 69.8
171 64.5
171 64.5
171 64.5
170 64.0
171 64.5
171 64.5
171 64.5
170 64.0
171 64.5
172 65.1
171 64.5
171 64.5
171 64.5
171 64.5
172 65.1
171 64.5
170 64.0
171 64.5
171 64.5
171 64.5
171 64.5
171 64.5
171 64.5
171 64.5
170 64.0
171 64.5
171 64.5
171 64.5
171 64.5
171 64.5
172 65.1
171 64.5
172 65.1
170 64.0
171 64.5
172 65.1
170 64.0
171 64.5
171 64.5
171 64.5
172 65.1
171 64.5
171 64.5
171 64.5
172 65.1
171 64.5
167 62.4
172 65.1
171 64.5
170 64.0
172 65.1
171 64.5
171 64.5
171 64.5
171 64.5
171 64.5
172 65.1
171 64.5
170 64.0
171 64.5
171 64.5
171 64.5
170 64.0
170 64.0
172 65.1
171 64.5
177 67.7
171 64.5
170 64.0
170 64.0
172 65.1
170 64.0
170 64.0
171 64.5
171 64.5
171 64.5
171 64.5
171 64.5
170 64.0
172 65.1
172 65.1
172 65.1
171 64.5
172 65.1
171 64.5
170 64.0
171 64.5
171 64.5
171 64.5
170 64.0
171 64.5
171 64.5
170 64.0
170 64.0
171 64.5
168 62.9
171 64.5
171 64.5
170 64.0
171 64.5
171 64.5
171 64.5
171 64.5
170 64.0
170 64.0
171 64.5
169 63.5
170 64.0
170 64.0
170 64.0
170 64.0
169 63.5
168 62.9
178 68.2
170 64.0
170 64.0
166 61.9
170 64.0
170 64.0
170 64.0
171 64.5
171 64.5
166 61.9
169 63.5
171 64.5
170 64.0
170 64.0
170 64.0
171 64.5
170 64.0
171 64.5
171 64.5
172 65.1
170 64.0
171 64.5
172 65.1
172 65.1
172 65.1
167 62.4
167 62.4
167 62.4
167 62.4
166 61.9
167 62.4
167 62.4
167 62.4
166 61.9
166 61.9
166 61.9
166 61.9
166 61.9
166 61.9
166 61.9
166 61.9
166 61.9
166 61.9
166 61.9
166 61.9
166 61.9
157 57.1
165 61.4
165 61.4
165 61.4
165 61.6
167 62.4
166 61.9
166 61.9
165 61.4
166 61.9
165 61.4
166 61.9
165 61.4
166 61.9
165 61.4
166 61.9
148 52.4
155 56.1
167 62.4
166 61.9
166 61.9
162 59.8
166 61.9
165 61.4
165 61.4
165 61.4
165 61.4
166 61.9
169 63.5
157 57.1
166 61.9
166 61.9
179 68.8
166 61.9
165 61.4
166 61.9
166 61.9
167 62.4
166 61.9
166 61.9
158 57.7
166 61.9
165 61.4
166 61.9
165 61.4
166 61.9
166 61.9
167 62.4
165 61.4
166 61.9
166 61.9
165 61.4
166 61.9
166 61.9
167 62.4
150 53.4
167 62.4
166 61.9
166 61.9
165 61.4
167 62.4
166 61.9
166 61.9
179 68.8
166 61.9
166 61.9
167 62.4
166 61.9
164 60.8
167 62.4
166 61.9
167 62.4
174 66.1
167 62.4
167 62.4
167 62.4
166 61.9
166 61.9
166 61.9
167 62.4
165 61.4
166 61.9
166 61.9
167 62.4
166 61.9
167 62.4
166 61.9
166 61.9
167 62.4
166 61.9
167 62.4
167 62.4
168 62.9
175 66.6
166 61.9
167 62.4
166 61.9
166 61.9
167 62.4
166 61.9
168 62.9
167 62.4
167 62.4
166 61.9
167 62.4
168 62.9
167 62.4
167 62.4
167 62.4
166 61.9
166 61.9
166 61.9
167 62.4
167 62.4
167 62.4
166 61.9
167 62.4
166 61.9
168 62.9
167 62.4
166 61.7
150 53.4
167 62.4
167 62.4
167 62.4
166 61.9
168 62.9
167 62.4
168 62.9
168 62.9
167 62.4
167 62.4
167 62.4
167 62.4
166 61.9
167 62.4
167 62.4
166 61.9
166 61.9
167 62.4
167 62.4
166 61.9
166 61.9
167 62.4
167 62.4
167 62.4
167 62.4
168 62.9
167 62.4
167 62.4
173 65.6
167 62.4
168 62.9
168 62.9
167 62.4
168 62.9
168 62.9
167 62.4
168 62.9
167 62.4
169 63.5
167 62.4
167 62.4
167 62.4
168 62.9
167 62.4
167 62.4
168 62.9
168 62.9
167 62.4
167 62.4
167 62.4
150 53.4
167 62.4
168 62.9
168 62.9
167 62.4
167 62.4
168 62.9
167 62.4
168 62.9
167 62.4
167 62.4
168 62.9
168 62.9
168 62.9
167 62.4
168 62.9
169 63.5
153 55.0
167 62.4
168 62.9
168 62.9
168 62.9
168 62.9
168 62.9
168 62.9
167 62.4
178 68.2
168 62.9
169 63.5
168 62.9
167 62.4
168 62.9
168 62.9
168 62.9
168 62.9
168 62.9
167 62.4
169 63.5
168 62.9
167 62.4
168 62.9
168 62.9
168 62.9
167 62.4
168 62.9
168 62.9
168 62.9
169 63.5
168 62.9
167 62.4
168 62.9
169 63.5
168 62.9
169 63.5
168 62.9
168 62.9
168 62.9
169 63.5
164 60.8
168 62.9
168 62.9
167 62.4
168 62.9
168 62.9
169 63.5
169 63.5
169 63.5
170 64.0
168 62.9
169 63.5
168 62.9
168 62.9
168 62.9
169 63.5
169 63.5
170 64.0
168 62.9
167 62.4
169 63.5
169 63.5
168 62.9
169 63.5
169 63.5
169 63.5
169 63.5
169 63.5
168 62.9
168 62.9
168 62.9
169 63.5
168 62.9
169 63.5
169 63.5
167 62.4
168 62.9
170 64.0
168 62.9
170 64.0
169 63.5
168 62.7
168 62.9
169 63.5
169 63.5
168 62.9
168 62.9
169 63.5
167 62.2
168 62.9
169 63.5
167 62.4
167 62.4
169 63.5
169 63.5
168 62.9
167 62.4
169 63.5
168 62.9
167 62.4
168 62.9
168 62.9
168 62.9
169 63.5
169 63.5
169 63.5
168 62.9
169 63.5
167 62.4
168 62.9
168 62.9
169 63.5
168 62.9
168 62.9
168 62.9
167 62.4
167 62.4
168 62.9
168 62.9
168 62.9
168 62.9
169 63.5
168 62.9
166 61.9
167 62.4
168 62.9
168 62.9
167 62.4
168 62.9
167 62.4
167 62.4
167 62.4
167 62.4
168 62.9
167 62.4
167 62.4
168 62.9
167 62.4
167 62.4
167 62.4
167 62.4
174 66.1
167 62.4
166 61.9
168 62.9
167 62.4
168 62.9
167 62.4
167 62.4
167 62.4
167 62.4
170 64.0
167 62.4
168 62.9
168 62.9
167 62.4
167 62.4
168 62.9
167 62.4
166 61.9
167 62.4
167 62.4
166 61.9
166 61.9
167 62.4
167 62.4
167 62.4
170 64.0
166 61.9
167 62.4
168 62.9
167 62.4
167 62.4
167 62.4
167 62.4
167 62.4
166 61.9
168 62.9
167 62.4
167 62.4
166 61.9
168 62.9
167 62.4
167 62.4
167 62.4
168 62.9
167 62.4
166 61.9
167 62.4
167 62.4
167 62.4
168 62.9
167 62.4
167 62.4
177 67.7
167 62.4
164 60.8
168 62.9
167 62.4
167 62.4
167 62.4
167 62.4
167 62.4
168 62.9
167 62.4
168 62.9
167 62.4
168 62.9
167 62.4
168 62.9
167 62.4
167 62.4
167 62.4
168 62.9
168 62.9
168 62.9
167 62.4
168 62.9
176 67.2
167 62.4
167 62.4
166 61.9
170 64.0
167 62.4
168 62.9
164 60.8
167 62.2
168 62.9
167 62.4
167 62.4
168 62.9
167 62.4
163 60.3
168 62.9
167 62.4
168 62.9
168 62.9
169 63.5
169 63.5
169 63.5
169 63.5
169 63.5
168 62.9
168 62.9
168 62.9
169 63.5
168 62.9
168 62.9
168 62.9
169 63.5
169 63.5
168 62.9
168 62.9
169 63.5
168 62.9
168 62.9
168 62.9
169 63.5
168 62.7
168 62.9
169 63.5
169 63.5
168 62.9
168 62.9
168 62.7
167 62.4
168 62.9
169 63.5
168 62.9
168 62.9
163 60.3
167 62.4
168 62.9
169 63.5
168 62.9
167 62.4
168 62.9
169 63.5
168 62.7
168 62.9
169 63.5
168 62.9
169 63.5
168 62.9
168 62.9
169 63.5
169 63.5
170 64.0
168 62.9
170 63.8
169 63.5
169 63.5
169 63.2
168 62.9
167 62.4
168 62.9
169 63.5
167 62.4
168 62.9
167 62.2
169 63.5
168 62.9
167 62.4
153 55.0
169 63.5
168 62.9
169 63.5
168 62.9
168 62.9
169 63.5
169 63.5
167 62.4
168 62.9
169 63.5
167 62.4
167 62.4
168 62.9
168 62.9
169 63.5
169 63.5
168 62.9
168 62.9
168 62.9
169 63.5
168 62.9
164 60.8
169 63.2
168 62.9
169 63.5
168 62.9
169 63.2
171 64.5
168 62.9
168 62.9
169 63.5
168 62.7
168 62.9
169 63.5
169 63.2
169 63.5
169 63.5
168 62.9
169 63.5
168 62.9
168 62.9
169 63.5
168 62.9
169 63.5
168 62.9
168 62.9
169 63.2
176 67.2
168 62.9
169 63.2
170 64.0
169 63.5
169 63.5
169 63.5
169 63.2
169 63.5
168 62.9
169 63.2
169 63.5
169 63.5
169 63.5
157 57.1
168 62.9
169 63.5
168 62.7
169 63.5
168 62.9
168 62.7
168 62.9
169 63.2
168 62.7
169 63.2
162 59.5
168 62.9
168 62.9
168 62.9
168 62.9
168 62.9
167 62.4
169 63.5
173 65.6
169 63.2
168 62.9
169 63.5
169 63.5
168 62.9
169 63.5
168 62.9
168 62.9
169 63.5
168 62.7
168 62.9
169 63.2
178 68.2
170 64.0
169 63.5
169 63.5
169 63.5
169 63.5
169 63.5
169 63.5
168 62.9
164 60.6
169 63.5
169 63.5
169 63.2
168 62.9
168 62.9
169 63.5
168 62.9
169 63.5
168 62.9
168 62.7
169 63.5
169 63.5
170 64.0
169 63.2
169 63.5
169 63.5
169 63.2
170 64.0
158 57.7
169 63.5
169 63.2
170 64.0
169 63.5
169 63.5
174 66.1
169 63.5
170 64.0
169 63.5
169 63.5
170 64.0
169 63.5
170 64.0
170 64.0
169 63.2
170 63.8
169 63.5
176 67.2
169 63.5
170 63.8
169 63.5
170 63.8
170 63.8
169 63.5
177 67.4
179 68.5
170 64.0
169 63.5
169 63.5
170 64.0
170 63.8
170 63.8
170 64.0
170 63.8
169 63.5
170 64.0
169 63.5
170 64.0
170 64.0
170 64.0
170 64.0
170 64.0
170 63.8
168 62.9
170 64.0
169 63.5
170 63.8
171 64.3
169 63.2
169 63.5
168 62.9
170 64.0
170 64.0
169 63.5
167 62.2
168 62.9
170 64.0
170 64.0
169 63.5
169 63.5
169 63.5
168 62.9
169 63.2
170 64.0
169 63.5
170 64.0
169 63.2
168 62.9
169 63.2
170 64.0
169 63.2
169 63.5
169 63.5
171 64.5
170 63.8
176 67.2
169 63.5
169 63.2
170 64.0
169 63.5
160 58.7
169 63.5
170 63.8
171 64.5
169 63.5
170 64.0
170 64.0
170 64.0
171 64.5
171 64.3
169 63.5
171 64.5
163 60.3
170 64.0
170 64.0
171 64.3
170 63.8
171 64.5
169 63.2
170 63.8
179 68.8
170 63.8
170 63.8
166 61.9
170 63.8
170 64.0
171 64.5
171 64.3
170 64.0
170 63.8
171 64.5
171 64.3
181 69.6
171 64.3
171 64.5
171 64.3
171 64.5
171 64.3
172 65.1
170 63.8
170 64.0
169 63.5
170 63.8
171 64.3
170 64.0
171 64.3
169 63.5
170 63.8
169 63.5
177 67.7
170 64.0
170 64.0
170 63.8
170 64.0
171 64.3
171 64.5
171 64.3
170 64.0
170 64.0
170 63.8
170 63.8
172 64.8
172 64.8
172 65.1
173 65.6
173 65.6
171 64.3
172 64.8
170 64.0
171 64.3
171 64.3
171 64.3
171 64.3
170 64.0
170 64.0
170 63.8
171 64.3
170 63.8
170 63.8
170 63.8
172 65.1
172 64.8
171 64.5
172 64.8
171 64.3
172 65.1
170 63.8
171 64.3
171 64.3
170 64.0
170 63.8
171 64.5
171 64.5
170 63.8
171 64.3
170 64.0
170 63.8
164 60.8
172 64.8
171 64.3
171 64.3
172 64.8
171 64.3
172 64.8
171 64.3
172 64.8
171 64.5
171 64.5
180 69.0
171 64.5
171 64.3
171 64.5
171 64.3
172 65.1
172 64.8
171 64.5
170 63.8
172 65.1
171 64.5
172 64.8
172 64.8
172 64.8
172 65.1
172 64.8
172 65.1
171 64.3
171 64.3
172 64.8
172 65.1
178 68.0
171 64.3
174 65.9
172 64.8
171 64.3
171 64.5
172 65.1
172 64.8
171 64.5
171 64.3
171 64.5
172 65.1
171 64.3
172 65.1
171 64.5
176 67.2
172 65.1
172 65.1
171 64.5
171 64.3
171 64.5
172 64.8
172 65.1
172 65.1
172 64.8
170 63.8
172 65.1
171 64.3
168 62.7
171 64.5
170 63.8
171 64.3
171 64.3
170 64.0
171 64.5
172 64.8
169 63.2
163 60.3
163 60.3
163 60.3
163 60.3
163 60.3
164 60.8
163 60.3
164 60.8
163 60.3
163 60.3
164 60.8
163 60.3
164 60.8
163 60.3
163 60.3
163 60.3
163 60.3
163 60.3
162 59.8
162 59.8
163 60.3
163 60.3
163 60.3
163 60.3
162 59.8
163 60.3
164 60.8
164 60.8
163 60.3
163 60.3
163 60.3
159 58.2
161 59.2
162 59.8
162 59.8
161 59.2
163 60.3
161 59.2
163 60.3
164 60.8
164 60.8
163 60.3
163 60.3
164 60.8
164 60.8
164 60.8
166 61.9
165 61.4
165 61.4
165 61.4
165 61.4
166 61.9
166 61.9
167 62.4
167 62.4
166 61.9
166 61.9
166 61.9
165 61.4
166 61.9
165 61.4
167 62.4
156 56.6
167 62.4
167 62.4
167 62.4
166 61.9
168 62.9
166 61.9
166 61.9
166 61.9
152 54.5
166 61.9
167 62.4
166 61.9
166 62.2
168 62.9
165 61.4
164 61.1
163 60.3
162 59.5
164 60.8
162 59.8
164 60.6
164 60.6
162 59.5
162 59.5
161 59.0
163 60.3
163 60.1
163 60.1
163 60.3
162 59.5
163 60.3
163 60.1
163 60.1
162 59.8
163 60.3
163 60.3
162 59.8
162 59.5
162 59.5
162 59.8
162 59.5
162 59.5
162 59.5
161 59.0
161 59.2
162 59.5
161 59.2
161 59.0
163 60.1
162 59.5
161 59.0
162 59.8
161 59.0
163 60.1
161 59.0
163 60.1
161 59.0
162 59.8
161 59.2
162 59.5
167 62.2
162 59.8
161 59.2
163 60.1
162 59.5
162 59.5
161 59.2
162 59.5
164 60.6
161 59.0
163 60.1
162 59.5
162 59.5
162 59.5
162 59.5
162 59.8
162 59.5
162 59.5
164 60.8
163 60.1
162 59.8
162 59.5
162 59.5
162 59.8
174 66.1
163 60.3
162 59.5
164 60.8
162 59.8
173 65.3
161 59.0
162 59.8
163 60.3
163 60.1
163 60.3
163 60.3
163 60.3
163 60.1
162 59.5
164 60.8
163 60.3
164 60.8
163 60.1
162 59.8
162 59.8
163 60.3
162 59.5
162 59.8
162 59.8
163 60.3
163 60.3
164 60.8
163 60.3
163 60.3
164 60.6
163 60.3
161 59.2
162 59.5
163 60.1
164 60.6
161 59.2
163 60.1
164 60.6
164 60.8
162 59.8
164 60.8
162 59.8
162 59.8
162 59.8
164 60.8
163 60.3
163 60.1
163 60.1
163 60.3
164 60.6
163 60.3
164 60.6
164 60.8
164 60.6
164 60.8
162 59.8
164 60.6
163 60.1
163 60.3
163 60.3
163 60.1
163 60.3
163 60.3
164 60.8
163 60.1
163 60.3
164 60.8
162 59.5
162 59.8
163 60.1
163 60.3
163 60.3
161 59.2
163 60.1
164 60.8
162 59.5
163 60.1
163 60.3
163 60.3
162 59.8
164 60.6
165 61.4
163 60.3
162 59.5
164 60.8
163 60.3
162 59.5
164 60.8
162 59.5
164 60.8
163 60.3
163 60.1
163 60.3
163 60.3
163 60.1
163 60.3
163 60.1
162 59.5
164 60.8
163 60.1
177 67.4
158 57.7
162 59.5
161 59.0
162 59.8
162 59.5
162 59.5
161 59.2
163 60.1
161 59.0
163 60.1
161 59.0
162 59.8
162 59.5
161 59.0
162 59.5
161 59.2
161 59.0
161 59.0
161 59.2
162 59.5
162 59.5
161 59.0
161 59.0
162 59.5
161 59.2
162 59.8
160 58.5
162 59.8
162 59.8
162 59.5
161 59.2
161 59.0
162 59.5
161 59.2
162 59.5
161 59.0
161 59.0
161 59.0
161 59.0
162 59.8
164 60.8
162 59.5
162 59.8
161 59.0
162 59.5
161 59.0
163 60.1
162 59.8
162 59.5
162 59.8
163 60.3
161 59.0
163 60.1
162 59.5
159 58.0
162 59.5
161 59.0
164 60.6
162 59.5
161 59.0
164 60.6
162 59.8
162 59.8
162 59.5
161 59.2
162 59.5
163 60.3
162 59.5
161 59.0
163 60.1
170 64.0
161 59.0
162 59.5
164 60.6
162 59.5
162 59.5
163 60.1
162 59.5
162 59.5
163 60.1
162 59.5
162 59.5
162 59.5
163 60.1
163 60.1
162 59.5
162 59.5
164 60.6
162 59.5
162 59.5
162 59.5
162 59.5
162 59.5
162 59.5
162 59.5
160 58.5
161 59.0
162 59.5
162 59.5
162 59.5
162 59.5
162 59.5
162 59.5
161 59.0
162 59.5
163 60.1
162 59.5
162 59.5
164 60.6
162 59.5
164 60.6
162 59.5
163 60.3
163 60.1
162 59.5
162 59.5
162 59.5
162 59.5
162 59.5
162 59.5
162 59.5
162 59.5
162 59.5
163 60.1
162 59.5
162 59.5
162 59.5
162 59.5
162 59.5
163 60.1
162 59.5
161 59.0
148 52.2
161 59.0
163 60.1
161 59.0
163 60.1
162 59.5
162 59.5
161 59.0
163 60.1
164 60.6
162 59.5
162 59.5
163 60.1
162 59.5
163 60.1
162 59.5
164 60.6
162 59.5
163 60.1
161 59.0
162 59.5
162 59.5
162 59.5
162 59.5
163 60.1
162 59.8
162 59.5
162 59.8
167 62.2
161 59.0
163 60.3
161 59.0
162 59.5
162 59.5
163 60.1
162 59.5
161 59.0
161 59.0
162 59.5
161 59.0
162 59.5
163 60.1
162 59.5
162 59.5
163 60.1
161 59.0
161 59.0
162 59.5
161 59.0
161 59.0
163 60.1
162 59.5
162 59.5
163 60.1
161 59.0
162 59.5
162 59.8
161 59.0
162 59.5
161 59.0
162 59.5
162 59.5
162 59.5
161 59.0
162 59.5
161 59.0
162 59.5
161 59.0
161 59.0
161 59.0
161 59.0
164 60.6
161 59.0
161 59.0
163 60.1
162 59.5
162 59.5
163 60.1
162 59.5
161 59.0
163 60.1
162 59.5
162 59.5
162 59.5
161 59.0
162 59.5
161 59.2
161 59.0
161 59.0
161 59.0
162 59.5
172 64.8
162 59.5
161 59.0
162 59.5
162 59.5
162 59.5
162 59.5
166 61.7
162 59.5
162 59.5
162 59.5
162 59.5
162 59.5
163 60.1
162 59.5
162 59.5
162 59.5
159 58.2
162 59.5
162 59.5
161 59.0
161 59.0
162 59.5
162 59.5
162 59.5
161 59.0
161 59.0
161 59.0
162 59.5
162 59.5
161 59.0
162 59.8
162 59.5
162 59.5
162 59.5
161 59.0
161 59.0
162 59.5
162 59.5
162 59.5
161 59.0
161 59.0
162 59.5
162 59.5
160 58.5
162 59.5
163 60.1
162 59.5
161 59.0
169 63.5
163 60.1
162 59.5
162 59.5
161 59.2
162 59.5
162 59.5
162 59.5
161 59.0
163 60.1
162 59.5
162 59.5
162 59.5
161 59.0
162 59.5
167 62.2
162 59.5
162 59.5
163 60.1
173 65.3
163 60.1
162 59.5
167 62.2
161 59.0
162 59.5
163 60.3
164 60.6
162 59.5
161 59.0
162 59.5
162 59.5
162 59.5
161 59.0
163 60.1
177 67.4
164 60.6
162 59.5
163 60.1
162 59.5
162 59.5
162 59.5
162 59.5
163 60.1
162 59.5
163 60.1
162 59.8
163 60.1
162 59.5
164 60.6
163 60.1
162 59.5
163 60.3
163 60.1
162 59.5
164 60.6
161 59.0
163 60.1
163 60.1
164 60.6
167 62.2
163 60.1
176 66.9
162 59.5
161 59.2
162 59.5
163 60.1
163 60.1
163 60.1
162 59.5
163 60.1
162 59.5
163 60.1
163 60.1
163 60.1
162 59.5
163 60.1
164 60.6
163 60.1
162 59.5
153 54.8
162 59.5
163 60.1
164 60.6
163 60.1
163 60.1
162 59.5
162 59.5
163 60.1
161 59.0
161 59.0
164 60.8
162 59.5
161 59.0
162 59.5
162 59.5
162 59.5
162 59.5
161 59.0
163 60.1
163 60.1
162 59.5
163 60.1
168 62.7
162 59.5
161 59.0
163 60.1
162 59.5
162 59.5
162 59.5
162 59.5
164 60.6
169 63.2
165 61.1
162 59.5
182 70.1
163 60.1
162 59.8
162 59.5
162 59.8
163 60.1
163 60.1
163 60.1
162 59.5
162 59.5
163 60.1
162 59.5
163 60.1
162 59.5
165 61.1
163 60.1
191 74.8
161 59.0
158 57.4
162 59.5
163 60.1
162 59.5
163 60.1
163 60.1
163 60.1
163 60.1
163 60.1
163 60.1
163 60.1
162 59.5
163 60.1
163 60.1
163 60.1
163 60.1
163 60.1
163 60.1
163 60.1
162 59.5
163 60.1
163 60.1
162 59.5
163 60.1
162 59.5
162 59.5
163 60.1
162 59.5
162 59.5
163 60.1
163 60.1
162 59.5
163 60.1
162 59.5
163 60.1
164 60.6
163 60.1
163 60.1
163 60.1
162 59.5
163 60.1
162 59.5
165 61.1
163 60.1
163 60.1
162 59.5
164 60.6
163 60.1
162 59.5
163 60.1
162 59.5
164 60.6
162 59.5
163 60.1
163 60.1
163 60.1
163 60.1
162 59.5
163 60.1
163 60.1
163 60.1
164 60.6
165 61.1
164 60.6
162 59.5
163 60.1
163 60.1
165 61.1
163 60.1
163 60.1
163 60.1
163 60.1
163 60.1
172 64.8
163 60.1
163 60.1
163 60.1
163 60.1
163 60.1
162 59.5
174 66.1
163 60.1
176 67.2
163 60.1
166 61.7
163 60.1
166 61.7
162 59.5
163 60.1
163 60.1
163 60.1
163 60.1
167 62.2
163 60.1
163 60.1
176 66.9
163 60.1
163 60.1
163 60.1
174 66.1
190 74.6
175 66.4
163 60.1
162 59.5
163 60.1
173 65.3
162 59.5
169 63.2
163 60.1
164 60.6
163 60.1
163 60.1
162 59.5
167 62.2
163 60.1
162 59.5
164 60.6
162 59.5
165 61.1
163 60.1
163 60.1
162 59.5
164 60.6
162 59.5
167 62.2
162 59.5
163 60.1
163 60.1
163 60.1
163 60.1
163 60.1
163 60.1
173 65.3
163 60.1
162 59.5
176 66.9
164 60.6
162 59.5
163 60.1
163 60.1
163 60.1
163 60.1
162 59.5
163 60.1
163 60.1
163 60.1
163 60.1
163 60.1
164 60.6
163 60.1
165 61.1
170 63.8
164 60.6
164 60.6
162 59.5
162 59.5
176 66.9
162 59.5
163 60.1
162 59.5
164 60.6
163 60.1
163 60.1
162 59.5
162 59.5
163 60.1
163 60.1
165 61.1
165 61.1
162 59.5
164 60.6
162 59.5
174 65.9
163 60.1
172 64.8
161 59.0
162 59.5
162 59.5
163 60.1
162 59.5
162 59.5
163 60.1
163 60.1
163 60.1
163 60.1
162 59.5
162 59.8
167 62.2
163 60.1
162 59.5
164 60.6
164 60.6
146 51.1
163 60.1
164 60.6
162 59.5
163 60.1
163 60.1
162 59.5
163 60.1
164 60.6
162 59.5
162 59.5
164 60.6
162 59.5
162 59.5
162 59.5
161 59.0
163 60.1
162 59.5
162 59.5
161 59.0
164 60.6
163 60.1
163 60.1
163 60.1
163 60.1
162 59.5
163 60.1
144 50.1
162 59.5
165 61.1
163 60.1
163 60.1
164 60.6
163 60.1
162 59.5
164 60.6
163 60.1
163 60.1
164 60.6
162 59.5
162 59.5
163 60.1
163 60.1
162 59.5
162 59.5
163 60.1
160 58.5
170 63.8
162 59.5
162 59.5
163 60.1
162 59.5
162 59.5
168 62.7
165 61.1
165 61.1
163 60.1
145 50.6
163 60.1
161 59.0
163 60.1
163 60.1
163 60.3
164 60.6
163 60.1
163 60.1
164 60.6
164 60.6
165 61.1
163 60.1
164 60.6
163 60.1
163 60.1
163 60.1
163 60.1
162 59.5
165 61.1
163 60.1
163 60.1
164 60.6
162 59.5
163 60.1
164 60.6
162 59.5
162 59.5
164 60.6
163 60.1
162 59.5
164 60.6
162 59.5
150 53.2
158 57.4
163 60.1
155 55.9
163 60.1
165 61.1
163 60.1
162 59.5
163 60.1
161 59.0
163 60.1
162 59.5
162 59.5
163 60.1
162 59.5
163 60.1
162 59.5
163 60.1
162 59.5
162 59.5
162 59.5
163 60.1
162 59.5
161 59.0
162 59.5
162 59.5
163 60.1
163 60.1
162 59.5
162 59.5
162 59.5
162 59.5
168 62.7
161 59.0
164 60.6
162 59.5
162 59.5
162 59.5
170 63.8
161 59.0
162 59.5
158 57.4
163 60.1
162 59.5
162 59.5
162 59.5
163 60.1
162 59.5
163 60.1
163 60.1
164 60.6
164 60.6
164 60.6
163 60.1
164 60.6
164 60.6
163 60.1
165 61.1
165 61.1
163 60.1
164 60.6
163 60.1
163 60.1
162 59.5
163 60.1
163 60.1
163 60.1
162 59.5
166 61.7
163 60.1
162 59.5
163 60.1
162 59.5
163 60.1
164 60.6
163 60.1
169 63.2
163 60.1
162 59.5
162 59.5
162 59.5
162 59.5
162 59.5
163 60.1
163 60.1
163 60.1
163 60.1
162 59.5
162 59.5
165 61.1
163 60.1
163 60.1
163 60.1
162 59.5
167 62.2
162 59.8
162 59.5
162 59.5
163 60.1
162 59.5
162 59.5
162 59.5
163 60.1
163 60.1
163 60.1
162 59.5
163 60.1
163 60.1
162 59.5
161 59.0
162 59.5
162 59.5
162 59.5
163 60.1
163 60.1
162 59.5
162 59.5
162 59.5
162 59.5
162 59.5
162 59.5
163 60.1
162 59.5
163 60.1
163 60.1
162 59.5
162 59.5
162 59.5
163 60.1
161 59.0
164 60.6
163 60.1
175 66.4
162 59.5
162 59.5
161 59.0
162 59.5
163 60.1
163 60.1
162 59.5
162 59.5
163 60.1
164 60.6
163 60.1
163 60.1
163 60.1
162 59.5
163 60.1
162 59.5
162 59.5
163 60.1
174 65.9
163 60.1
167 62.2
162 59.5
162 59.5
162 59.5
163 60.1
162 59.5
163 60.1
163 60.1
163 60.1
163 60.1
163 60.1
163 60.1
162 59.5
163 60.1
163 60.1
163 60.1
163 60.1
162 59.5
162 59.5
163 60.1
162 59.5
149 52.7
163 60.1
162 59.5
163 60.3
163 60.1
162 59.5
165 61.1
162 59.5
163 60.1
165 61.1
163 60.1
163 60.1
164 60.6
164 60.6
163 60.1
164 60.6
173 65.3
164 60.6
164 60.6
164 60.6
164 60.6
164 60.6
164 60.6
171 64.3
163 60.1
169 63.2
164 60.6
164 60.6
163 60.1
165 61.1
163 60.1
165 61.1
164 60.6
164 60.6
164 60.6
172 64.8
165 61.1
167 62.2
164 60.6
165 61.1
165 61.1
164 60.6
165 61.1
164 60.6
165 61.1
164 60.6
164 60.6
164 60.6
163 60.1
163 60.1
162 59.5
163 60.1
163 60.1
163 60.1
163 60.1
163 60.1
162 59.5
163 60.1
163 60.1
164 60.6
164 60.6
163 60.1
165 61.1
164 60.6
163 60.1
164 60.6
163 60.1
163 60.1
164 60.6
165 61.1
163 60.1
165 61.1
163 60.1
163 60.1
163 60.1
163 60.1
164 60.6
164 60.6
162 59.5
164 60.6
164 60.6
164 60.6
163 60.1
162 59.5
162 59.5
163 60.1
164 60.6
164 60.6
166 61.7
158 57.4
163 60.1
163 60.1
164 60.6
164 60.6
163 60.1
164 60.6
164 60.6
163 60.1
163 60.1
164 60.6
163 60.1
163 60.1
164 60.6
157 56.9
164 60.6
165 61.1
163 60.1
163 60.1
165 61.1
164 60.6
163 60.1
163 60.1
164 60.6
164 60.6
164 60.6
163 60.1
164 60.6
164 60.6
164 60.6
164 60.6
165 61.1
163 60.1
163 60.1
163 60.1
163 60.1
164 60.6
164 60.6
165 61.1
163 60.1
171 64.3
163 60.1
164 60.6
164 60.6
163 60.1
163 60.1
164 60.6
164 60.6
163 60.1
163 60.1
164 60.6
163 60.1
164 60.6
164 60.6
164 60.6
165 61.1
164 60.6
164 60.6
164 60.6
164 60.6
164 60.6
164 60.6
163 60.1
163 60.1
163 60.1
165 61.1
163 60.1
164 60.6
166 61.7
160 58.5
164 60.6
163 60.1
164 60.6
164 60.6
163 60.1
166 61.7
164 60.6
163 60.1
162 59.5
164 60.6
163 60.1
162 59.5
165 61.1
161 59.0
163 60.1
163 60.1
163 60.1
164 60.6
164 60.6
163 60.1
164 60.6
164 60.6
164 60.6
164 60.6
164 60.6
163 60.1
164 60.6
164 60.6
164 60.6
164 60.6
163 60.1
163 60.1
164 60.6
164 60.6
164 60.6
163 60.1
165 61.1
163 60.1
164 60.6
165 61.1
163 60.1
164 60.6
165 61.1
163 60.1
164 60.6
164 60.6
163 60.1
163 60.1
164 60.6
163 60.1
164 60.6
163 60.1
162 59.5
163 60.1
163 60.1
163 60.1
163 60.1
164 60.6
162 59.5
164 60.6
164 60.6
163 60.1
163 60.1
165 61.1
164 60.6
163 60.1
164 60.6
164 60.6
164 60.6
163 60.1
164 60.6
164 60.6
164 60.6
164 60.6
164 60.6
164 60.6
163 60.1
163 60.1
164 60.6
164 60.6
165 61.1
165 61.1
164 60.6
165 61.1
164 60.6
164 60.6
163 60.1
166 61.7
163 60.1
164 60.6
164 60.6
164 60.6
165 61.1
166 61.7
164 60.6
164 60.6
166 61.7
163 60.1
165 61.1
164 60.6
164 60.6
165 61.1
164 60.6
164 60.6
164 60.6
164 60.6
164 60.6
166 61.7
165 61.1
164 60.6
165 61.1
165 61.1
163 60.1
164 60.6
165 61.1
163 60.1
165 61.1
166 61.7
164 60.6
165 61.1
166 61.7
164 60.6
164 60.6
165 61.1
163 60.1
166 61.7
166 61.7
164 60.6
148 52.2
151 53.7
164 60.6
165 61.1
164 60.6
164 60.6
164 60.6
164 60.6
163 60.1
164 60.6
159 58.0
163 60.1
164 60.6
163 60.1
163 60.1
163 60.1
164 60.6
164 60.6
164 60.6
163 60.1
164 60.6
164 60.6
163 60.1
164 60.6
163 60.1
163 60.1
163 60.1
154 55.3
163 60.1
164 60.6
163 60.1
163 60.1
165 61.1
163 60.1
163 60.1
166 61.7
165 61.1
164 60.6
165 61.1
164 60.6
165 61.1
165 61.1
164 60.6
166 61.7
165 61.1
165 61.1
164 60.6
164 60.6
164 60.6
166 61.7
163 60.1
164 60.6
164 60.6
163 60.1
163 60.1
164 60.6
165 61.1
163 60.1
164 60.6
164 60.6
164 60.6
163 60.1
164 60.6
164 60.6
163 60.1
163 60.1
163 60.1
164 60.6
164 60.6
164 60.6
164 60.6
163 60.1
163 60.1
165 61.1
164 60.6
164 60.6
163 60.1
164 60.6
163 60.1
156 56.4
146 51.1
163 60.1
163 60.1
164 60.6
164 60.6
164 60.6
150 53.2
164 60.6
165 61.1
164 60.6
164 60.6
164 60.6
165 61.1
163 60.1
164 60.6
164 60.6
164 60.6
164 60.6
164 60.6
164 60.6
163 60.1
164 60.6
164 60.6
164 60.6
163 60.3
165 61.1
165 61.1
164 60.6
165 61.1
163 60.1
164 60.6
164 60.6
165 61.1
165 61.1
165 61.1
159 58.0
164 60.6
164 60.6
164 60.6
163 60.1
164 60.6
163 60.1
165 61.1
160 58.5
164 60.6
165 61.1
164 60.6
164 60.6
165 61.1
164 60.6
172 64.8
165 61.1
164 60.6
163 60.1
164 60.6
165 61.1
164 60.6
165 61.1
164 60.6
165 61.1
165 61.1
164 60.6
163 60.1
164 60.6
163 60.1
164 60.6
163 60.1
164 60.6
164 60.6
165 61.1
163 60.1
164 60.6
163 60.1
163 60.1
156 56.4
164 60.6
164 60.6
164 60.6
163 60.1
163 60.1
164 60.6
164 60.6
164 60.6
163 60.1
